command	key	type	code	location	functionId	childNum	isCFGNode	operator	baseType	completeType	identifier
ANR	0	Directory	/repo/outputs/run_20260731_014428_code_all_input_sources/runs/baseline/cvefixes__05_fixed_altivec_unavailable_exception/_work/source								
