sample_id,input_file,function_name,joern_status,num_nodes,num_edges,predicted_label,vulnerability_probability,threshold,confidence,lexical_score,graph_score,fusion_status,unixcoder_score,codet5_score,graphcodebert_score,final_score
02_codexglue_devign_15133__xfg_targeted_dead_code__c2,C:\Users\weijt\Desktop\UNSW\COMP9900\project\capstone-project-26t2-9900-t17a-almond\outputs\run_20260723_code_devign_winner_xfg_round1_retry1\sources\02_codexglue_devign_15133__xfg_targeted_dead_code__c2.c,unknown,success,224,562,0,5.463169386278263e-14,0.5,0.9999999999999454,,5.463169386278263e-14,deepwukong_xfg_max,,,,5.463169386278263e-14
